Intel Core 2 Duo T8100 2.10 GHz


Initial Commit
==============
Linux Mint 13 g++ 4.6.3

-O0
                         Sort time in milliseconds
         N   itermerge     hsort  trihsort     qsort  recmerge

        50           0         0         0         0         0
       500           0         0         0         0         0
      1000           0         0         0         0         0
      5000           0        10         0         0        10
     10000           0         0         0         0        10
     50000          10        20        20        10        30
    100000          30        40        30        30        60
    500000         160       240       200       130       310
   1000000         360       590       480       280       620
   5000000        2030      4600      3530      1640      3370
  10000000        4210     10790      8120      3240      6960




-O3
                         Sort time in milliseconds
         N   itermerge     hsort  trihsort     qsort  recmerge

        50           0         0         0         0         0
       500           0         0         0         0         0
      1000           0         0         0         0         0
      5000           0         0         0         0         0
     10000           0         0         0         0        10
     50000          10         0        10        10        10
    100000          20        20        10        10        40
    500000         100       110        80        60       180
   1000000         200       310       230       130       380
   5000000        1150      3250      2150       720      1990
  10000000        2390      8200      5250      1470      4140

total time: 34.082s




Commit 2
========
Linux Mint 14 g++ 4.7.2

-O0
                         Sort time in milliseconds
         N   itermerge     hsort  trihsort     qsort  recmerge

        50           0         0         0         0         0
       500           0         0         0         0         0
      1000           0         0         0         0         0
      5000           0         0         0         0         0
     10000          10         0        10         0         0
     50000          20        20        10        10        30
    100003          30        40        40        20        50
    499995         140       250       220       140       240
   1000000         290       580       500       300       550
   5000000        1670      4540      3490      1580      3080
  10000000        3650     11000      8260      3380      6070
  50000000       19490     75380     55410     18210     32760

real	4m19.782s
user	4m14.076s
sys	0m2.032s




-O3

                        Sort time in milliseconds
         N   itermerge     hsort  trihsort     qsort  recmerge

        50           0         0         0         0         0
       500           0         0         0         0         0
      1000           0         0         0         0         0
      5000           0         0         0         0         0
     10000           0         0         0         0        10
     50000           0        10         0        10        20
    100003          10        20        10        10        40
    499995          80       110        80        50       180
   1000000         180       290       210       110       390
   5000000        1070      3150      2060       670      2010
  10000000        2330      8120      5230      1480      4250
  50000000       12000     65690     40450      7960     22690

real	3m5.589s
user	2m59.843s
sys	0m4.080s


Commit 4
========
g++ (Ubuntu 4.9.2-10ubuntu13) 4.9.2


-O3
                         Sort time in milliseconds
         N itermerge     hsort  trihsort     qsort  recmerge iterqsort  qinssort
        50     0.053     0.006     0.005     0.005     0.016      0.02     0.003
       500     0.091     0.065     0.062     0.042     0.137     0.041     0.033
      1000     0.157     0.141     0.132      0.09     0.279     0.091     0.076
      5000     0.748     0.835     0.802     0.536     1.488     0.517     0.454
     10000     1.639     1.818     1.702     1.083     2.789      0.97     0.867
     50000      7.86     9.268     9.107     5.321     12.95     4.794     4.279
    100003    13.404    15.765    14.815     8.308    19.069     7.344     6.551
    499995     50.88    58.558    63.543    33.504    78.211    31.985    30.377
   1000000    95.619   126.185   138.786     70.44   160.773    66.801    63.159
   5000000   543.739   844.506   1005.99   399.695   873.345   372.842   350.397
  10000000   1125.63   2027.39   2393.88   817.926   1829.53   798.937   769.677
  50000000   6263.12   13385.8   18933.9   4512.65   9425.74   4366.22   4130.96

real	1m17.641s
user	1m17.536s
sys	0m0.140s

